#########################################
Mon Apr 29 23:29:46 2024
0 1
4 0
0 1
8 0
0 1
7 0
3 0
5 0
9 0
0 1
1 0
0 1
0 1
0 1
0 1
0 1
0 1
2 0
0 1
5 0
9 0
6 0
0 1
0 1
8 0
0 1
7 0
4 0
2 0
0 1
4 1
7 0
0 1
0 1
9 0
3 0
0 1
0 1
0 1
5 0
9 0
3 0
4 0
2 0
3 1
5 0
0 1
3 0
4 0
0 1
6 0
1 0
0 1
0 1
0 1
6 0
4 0
0 1
8 0
1 0
0 1
3 0
5 0
7 0
8 0
0 1
0 1
3 0
5 0
0 1
6 0
4 0
0 1
3 0
5 0
0 1
6 0
4 0
7 0
8 0
0 1
8 4
2
3 3 0 0
8 4 0 0
#########################################
Mon Apr 29 23:30:35 2024
0 1
4 0
0 1
8 0
0 1
7 0
3 0
5 0
9 0
0 1
1 0
0 1
0 1
0 1
0 1
0 1
0 1
2 0
0 1
5 0
9 0
6 0
0 1
0 1
8 0
0 1
7 0
4 0
2 0
0 1
4 1
7 0
0 1
0 1
9 0
3 0
0 1
0 1
0 1
5 0
9 0
3 0
4 0
2 0
3 1
5 0
0 1
3 0
4 0
3 1
6 0
1 0
0 1
4 1
0 1
6 0
4 0
0 1
8 0
1 0
0 1
3 0
5 0
7 0
8 0
0 1
0 1
3 0
5 0
0 1
6 0
4 0
0 1
3 0
5 0
0 1
6 0
4 0
7 0
8 0
0 1
8 4
4
3 3 0 0
8 4 0 0
4 5 0 0
8 5 0 0
#########################################
Mon Apr 29 23:31:37 2024
0 1
4 0
0 1
8 0
0 1
7 0
3 0
5 0
9 0
0 1
1 0
0 1
0 1
0 1
0 1
0 1
0 1
2 0
0 1
5 0
9 0
6 0
0 1
0 1
8 0
0 1
7 0
4 0
2 0
0 1
4 1
7 0
0 1
0 1
9 0
3 0
0 1
0 1
0 1
5 0
9 0
3 0
4 0
2 0
3 1
5 0
0 1
3 0
4 0
3 1
6 0
1 0
0 1
4 1
0 1
6 0
4 0
5 1
8 0
1 0
0 1
3 0
5 0
7 0
8 0
0 1
6 1
3 0
5 0
7 1
6 0
4 0
0 1
3 0
5 0
0 1
6 0
4 0
7 0
8 0
0 1
6 8
7
3 3 0 0
8 4 0 0
4 5 0 0
8 5 0 0
3 6 0 0
3 7 0 0
6 7 0 0
#########################################
Mon Apr 29 23:33:04 2024
0 1
4 0
0 1
8 0
0 1
7 0
3 0
5 0
9 0
0 1
1 0
0 1
0 1
0 1
0 1
0 1
0 1
2 0
0 1
5 0
9 0
6 0
0 1
0 1
8 0
0 1
7 0
4 0
2 0
0 1
4 1
7 0
0 1
0 1
9 0
3 0
0 1
0 1
0 1
5 0
9 0
3 0
4 0
2 0
3 1
5 0
0 1
3 0
4 0
3 1
6 0
1 0
0 1
4 1
6 1
6 0
4 0
5 1
8 0
1 0
0 1
3 0
5 0
7 0
8 0
0 1
6 1
3 0
5 0
7 1
6 0
4 0
0 1
3 0
5 0
5 1
6 0
4 0
7 0
8 0
7 1
2 6
10
3 3 0 0
8 4 0 0
4 5 0 0
8 5 0 0
3 6 0 0
3 7 0 0
6 7 0 0
3 8 0 0
8 8 0 0
0 6 0 0
